3 67
93 66
53 92
39 87
85 10
1 10
57 93
71 14
14 82
89 36
18 51
92 63
96 63
86 94
70 83
74 31
81 97
50 70
96 90
39 96
93 72
28 76
74 82
93 32
6 81
49 63
33 36
3 9
14 96
31 38
51 89
98 53
7 48
95 79
6 50
26 86
64 82
46 36
7 32
70 49
40 53
32 65
8 89
12 58
50 11
12 20
24 76
31 48
84 82
15 60
19 18
32 62
31 50
7 20
96 96
73 77
81 16
38 95
87 50
6 67
97 39
84 86
52 16
8 86
50 2
8 68
19 42
40 6
41 39
7 15
82 0
0 12
25 46
65 76
53 73
31 81
86 31
62 75
14 75
55 13
X
73 44
38 81
87 12
81 95
2 35
72 9
9 16
6 44
33 68
28 62
39 79
54 79
62 69
59 78
18 2
54 84
71 26
98 63
52 49
43 9
64 66
38 87
15 93
29 89
68 83
71 42
28 13
15 49
37 42
72 65
92 91
17 71
56 57
8 8
65 88
26 69
98 33
55 26
16 48
48 20
49 50
46 4
13 11
19 82
31 0
95 95
78 2
11 17
93 40
20 95
16 51
34 25
83 13
18 72
33 42
92 45
18 52
85 84
63 56
80 68
38 64
13 55
43 71
57 25
90 83
54 64
24 11
58 3
4 43
2 66
36 22
88 0
72 46
42 47
76 17
96 74
67 7
32 24
6 75
94 32
21 47
6 61
32 71
43 20
30 8
33 28
77 88
87 66
24 74
95 87
53 21
47 14
14 76
57 6
70 12
26 54
25 61
67 62
9 17
98 54
48 88
7 23
30 42
96 20
19 16
46 41
36 81
73 42
37 59
67 73
63 17
26 10
10 27
55 10
77 16
22 39
24 23
51 72
24 92
84 77
27 87
57 82
94 3
78 23
79 49
66 36
68 93
16 42
70 92
29 6
19 77
43 69
93 55
53 50
8 77
51 81
3 6
23 33
88 68
76 85
16 54
92 72
34 86
75 1
18 33
66 29
94 57
12 34
75 22
5 58
19 96
41 76
51 21
3 55
29 25
10 13
39 73
97 50
32 81
12 62
28 9
X
43 88
89 70
82 52
23 78
43 90
77 75
28 3
31 6
29 52
86 6
78 22
78 3
62 17
8 84
6 56
32 51
49 45
4 60
32 1
51 58
81 72
46 53
59 41
18 95
56 91
18 21
19 60
45 10
95 29
17 33
74 51
37 73
79 46
11 65
21 46
50 46
23 60
53 89
16 8
75 85
68 50
49 53
44 33
55 86
87 31
53 7
33 67
41 26
38 63
89 38
52 63
80 15
70 3
12 44
26 35
18 63
36 16
33 24
83 34
46 16
71 31
58 92
78 45
85 30
76 60
41 46
4 83
2 51
70 74
64 37
57 55
64 43
22 17
71 75
51 54
17 57
68 17
12 38
31 37
75 80
12 54
55 84
81 14
49 42
41 70
42 88
75 53
7 88
93 41
40 39
83 93
44 1
13 97
38 94
73 60
26 24
6 35
43 39
41 0
18 1
69 92
63 65
44 10
85 62
77 76
15 14
67 72
93 80
84 59
15 42
79 82
39 49
9 15
62 41
22 60
41 90
14 36
93 5
34 49
2 70
77 36
39 35
4 30
43 24
64 80
53 78
24 45
76 81
10 75
83 19
72 19
56 49
5 6
92 86
60 54
61 2
57 79
13 35
89 24
70 27
42 87
59 93
23 21
73 3
82 80
63 18
74 81
15 82
5 15
43 18
31 23
3 1
52 30
59 91
76 75
58 11
32 29
33 55
15 97
44 91
48 93
23 20
11 18
5 70
70 58
74 18
11 29
4 27
59 52
73 27
22 98
3 92
4 59
21 59
93 43
92 14
27 11
2 67
18 9
91 6
49 20
10 55
24 31
87 73
94 21
73 53
37 19
77 86
58 17
9 65
57 20
60 90
56 61
72 69
83 25
45 5
43 22
56 63
22 53
41 74
79 66
X
23 11
36 40
85 43
96 3
80 4
27 66
26 61
35 67
57 13
72 25
47 41
31 82
58 71
41 7
58 32
63 40
90 39
3 23
81 69
49 29
65 94
20 17
26 8
92 59
42 21
74 45
92 36
81 94
55 80
72 85
48 27
24 72
90 71
20 78
69 3
41 24
7 36
97 81
17 11
24 16
86 29
22 19
73 26
9 3
27 32
9 56
14 87
92 28
43 25
44 69
34 62
16 29
75 44
65 89
66 31
87 11
50 36
39 75
87 1
59 36
27 69
95 30
89 35
49 96
66 93
18 81
25 25
53 24
15 6
47 12
62 71
29 72
18 34
86 78
8 34
11 94
53 16
22 47
57 84
64 93
73 58
8 35
12 87
59 7
98 82
X
36 37
89 14
39 32
87 32
41 65
23 40
15 25
26 23
9 49
2 34
72 4
18 12
30 16
43 6
19 90
49 34
1 30
19 5
46 30
26 32
91 36
41 62
71 60
46 65
84 68
91 62
54 62
22 66
59 72
X
78 28
54 16
9 47
98 10
7 79
35 33
0 57
9 93
98 64
88 84
97 47
6 87
33 49
55 93
19 53
74 46
41 56
29 43
2 81
92 74
10 86
90 85
6 53
90 14
59 18
54 54
51 38
72 50
30 69
62 29
72 20
77 4
23 95
13 75
20 43
36 0
77 3
38 53
23 32
76 38
4 87
56 0
93 73
45 0
39 20
47 65
37 30
26 44
69 31
21 74
22 76
75 45
82 53
34 0
22 46
33 23
78 38
9 20
69 64
X
43 5
10 9
91 82
44 57
77 40
72 26
61 72
34 82
83 68
66 64
64 24
7 90
75 56
20 77
28 70
70 71
75 89
54 82
61 16
16 19
37 17
90 54
69 73
17 3
95 4
23 73
76 16
69 71
21 8
51 78
92 64
43 14
90 13
97 3
65 55
28 20
61 73
60 62
25 78
7 85
16 2
15 51
46 32
32 34
95 83
12 83
13 92
14 50
22 96
46 15
21 54
67 53
9 94
54 76
7 47
92 95
71 25
29 26
76 19
28 18
29 44
61 84
46 63
6 43
59 45
6 9
37 46
77 83
95 75
49 92
35 88
62 48
83 49
47 85
76 79
59 27
65 28
78 94
40 45
84 34
42 1
54 75
18 41
35 71
40 0
91 69
61 49
X
26 84
32 97
44 42
92 82
55 75
28 46
63 2
56 28
51 29
8 9
3 34
90 56
92 68
26 68
77 37
82 88
8 64
43 57
36 31
10 18
30 97
98 17
93 63
61 78
20 19
77 46
83 28
27 4
97 20
78 56
3 70
25 59
7 28
4 13
41 54
90 98
69 32
49 38
34 56
5 45
15 21
91 26
22 80
97 42
23 12
9 86
5 85
51 91
52 42
23 55
32 74
8 71
25 85
23 22
81 3
15 1
93 37
27 89
38 45
66 50
17 27
81 34
10 97
51 96
42 93
24 69
94 68
9 33
6 89
93 12
74 38
50 47
42 3
42 77
32 15
X
29 91
X
47 73
13 38
62 24
12 0
89 39
23 28
77 64
56 3
86 30
39 54
32 42
38 83
11 87
72 32
78 83
35 73
23 57
88 31
43 70
43 11
43 30
42 59
38 17
36 27
26 5
29 65
10 72
51 62
15 68
42 69
92 54
30 14
21 43
77 71
19 52
17 68
11 73
66 42
65 39
86 9
53 49
59 70
38 13
58 2
32 40
74 97
11 39
4 0
61 15
16 90
83 10
22 55
68 78
3 17
76 92
60 76
47 1
56 71
41 23
52 98
69 39
96 23
88 58
64 44
14 48
89 20
61 56
89 92
71 35
94 31
60 61
38 85
94 38
8 37
2 57
19 91
47 76
19 92
47 86
29 47
22 70
3 57
74 76
7 49
44 38
42 74
87 54
57 14
41 88
97 4
96 93
24 70
70 54
41 5
45 13
20 64
51 76
87 98
17 88
48 92
79 65
10 82
33 89
1 14
81 50
73 98
27 12
11 82
62 66
66 95
45 21
7 22
5 88
12 78
86 88
11 30
32 86
33 79
63 64
87 55
36 44
84 89
21 63
31 17
95 69
51 73
25 77
82 51
42 22
80 75
28 48
36 69
84 70
48 17
51 49
7 93
49 67
15 95
47 50
2 30
65 92
65 93
4 58
87 36
68 71
72 10
33 75
85 54
21 16
37 26
29 2
53 47
60 91
54 10
37 60
2 98
30 60
93 81
72 7
16 58
97 87
90 58
88 11
74 78
21 77
86 81
59 46
2 52
44 83
63 67
58 15
30 36
48 95
93 15
47 98
18 91
63 11
83 21
73 62
71 33
80 13
93 83
39 18
45 50
59 17
98 94
50 41
14 11
14 38
73 37
5 48
82 87
75 87
14 66
38 20
88 82
29 41
27 85
34 81
35 29
10 54
43 85
20 51
12 53
42 14
20 4
91 41
98 7
64 98
52 92
54 15
84 14
77 35
77 28
35 41
42 92
76 50
79 16
78 75
13 37
64 47
17 34
84 85
37 86
96 29
90 15
22 6
57 46
7 17
12 61
77 31
26 48
4 48
85 5
3 31
1 57
78 58
98 66
6 13
48 35
58 64
65 54
7 61
25 34
61 28
55 50
21 92
56 80
69 26
2 69
14 60
57 96
66 48
4 42
14 93
41 79
89 23
68 70
24 86
42 42
59 39
10 49
29 23
60 69
35 78
57 65
74 40
35 27
11 74
41 43
70 37
11 63
94 36
79 92
83 24
8 94
59 35
17 52
7 71
24 73
81 9
60 82
83 87
77 44
33 34
55 47
78 47
58 47
2 82
18 73
15 37
64 76
23 19
36 67
33 51
35 24
11 43
14 24
33 48
26 39
9 2
88 15
92 35
44 89
52 47
24 28
52 85
45 26
51 23
62 35
23 81
24 20
1 29
17 75
12 35
8 81
10 57
60 84
26 79
47 45
85 61
45 86
7 52
65 11
38 32
96 77
6 76
35 13
63 94
16 57
19 81
35 11
90 60
13 28
95 0
78 91
70 56
16 77
70 93
41 83
55 43
41 96
97 15
28 22
74 3
30 57
93 30
70 13
82 46
21 41
21 12
4 61
79 90
53 40
10 12
2 27
42 2
55 27
37 62
8 20
6 29
41 15
5 2
67 48
15 92
2 90
86 14
29 10
30 18
62 16
85 33
46 71
9 35
4 73
30 35
64 57
30 55
42 6
83 85
31 36
92 37
56 83
71 90
75 28
7 67
56 12
25 72
42 17
72 55
46 55
19 79
34 27
12 24
16 97
30 45
72 42
10 39
62 62
13 44
38 67
81 11
94 2
35 43
10 36
39 5
4 72
98 96
63 92
77 54
95 24
21 11
49 19
91 72
92 39
49 21
0 45
52 3
47 23
88 64
51 39
56 84
31 16
89 6
16 84
56 38
39 62
63 36
91 74
9 81
51 70
68 29
90 43
29 98
85 66
45 93
98 4
36 63
83 59
62 46
39 85
48 40
93 92
48 28
63 3
58 81
22 74
25 81
40 90
18 25
41 93
84 2
76 43
64 42
37 12
69 49
95 5
71 13
82 12
57 75
60 16
61 41
83 97
46 29
33 35
93 20
24 29
43 2
55 68
3 59
30 66
89 5
59 16
44 46
5 83
53 23
85 75
69 93
22 34
15 78
79 29
75 7
73 31
3 60
21 19
28 71
93 4
43 60
19 6
94 61
6 77
52 22
11 55
59 29
23 45
0 58
81 68
71 80
73 39
93 11
8 48
21 55
50 37
34 64
67 10
25 3
17 92
80 36
72 58
4 96
94 56
25 18
21 10
53 14
70 22
74 33
46 45
8 22
0 46
92 66
53 37
36 55
64 6
93 16
26 88
11 85
95 12
3 74
71 55
26 62
68 88
50 43
57 86
73 38
15 89
92 19
22 33
15 65
1 90
31 70
12 90
95 54
89 94
24 15
22 38
18 10
14 26
71 50
X
40 74
65 38
98 46
72 3
73 25
28 34
94 81
48 38
41 95
40 34
62 39
98 3
13 45
95 53
94 82
12 12
23 71
70 28
76 58
83 80
16 76
38 90
71 58
44 93
80 60
28 1
35 28
33 72
14 29
0 87
69 98
31 20
71 43
39 23
98 9
94 13
44 6
49 89
1 44
25 12
44 36
48 58
74 35
35 32
79 89
6 58
25 98
60 17
25 42
45 20
98 49
37 33
40 89
35 65
89 68
26 47
10 73
16 98
84 88
49 8
75 35
48 13
X
26 13
79 37
46 92
95 25
93 90
50 81
12 74
19 93
4 80
42 16
67 32
41 6
73 46
35 87
89 85
69 2
86 86
25 38
17 55
84 39
32 90
89 42
51 42
34 74
89 55
66 43
24 98
27 62
3 21
12 94
10 76
20 8
98 45
8 92
11 71
68 51
47 63
39 91
39 28
96 42
40 19
30 56
86 70
79 44
51 30
57 63
32 32
75 71
32 49
29 46
42 19
95 92
30 91
3 83
23 92
55 76
3 29
26 98
4 22
84 56
37 80
61 24
27 28
17 98
73 79
20 16
79 23
91 1
30 19
7 37
85 39
40 24
10 16
11 68
54 45
69 1
7 59
63 42
30 44
53 39
13 47
21 38
29 57
4 86
15 63
X
59 2
59 62
15 55
23 59
72 74
48 71
75 34
89 71
39 61
81 57
76 36
37 90
76 77
70 55
71 78
87 20
49 56
34 51
21 57
29 85
4 82
3 77
49 16
49 62
95 76
86 20
17 61
72 96
36 74
33 70
58 96
60 37
77 49
82 98
56 60
16 86
80 63
50 59
2 76
98 29
8 43
40 15
62 64
22 1
61 70
85 28
93 24
60 28
75 32
19 20
58 95
62 31
2 14
55 78
74 54
34 34
61 76
64 78
86 60
83 84
18 11
7 29
63 81
81 10
76 91
38 89
54 73
31 90
19 64
47 20
28 21
85 92
88 44
69 4
70 30
44 20
94 4
69 61
55 45
75 9
29 28
14 78
45 71
8 78
39 84
74 48
45 12
97 32
1 59
61 8
59 81
77 73
39 47
57 10
85 17
13 72
94 69
50 24
68 82
65 34
28 66
12 15
46 93
16 35
97 45
32 22
84 25
7 35
79 79
X
48 69
13 74
31 28
37 95
47 16
71 77
19 7
15 70
52 74
44 71
43 33
52 75
83 81
75 60
28 85
5 26
68 11
98 1
45 27
63 46
11 21
16 13
29 29
21 82
1 67
19 41
22 68
48 22
2 60
54 18
41 91
72 2
21 14
18 68
97 19
43 75
52 45
34 79
36 93
9 69
18 78
16 22
48 68
76 55
72 56
51 77
36 84
9 70
25 83
97 64
70 90
17 74
94 54
18 42
42 96
68 41
64 29
78 81
23 13
10 35
78 53
58 41
54 25
23 17
81 13
68 96
49 36
76 29
97 58
80 26
4 90
53 97
52 34
87 87
98 18
90 23
52 79
83 35
15 83
12 21
95 74
58 37
38 51
35 9
48 37
90 20
78 36
93 28
17 79
46 43
79 69
95 82
14 28
89 45
92 81
23 41
72 63
0 70
72 57
55 22
20 46
43 47
51 17
42 37
49 70
84 6
9 96
48 86
6 36
90 69
79 34
71 65
8 38
2 65
85 24
91 21
77 1
39 95
6 1
80 91
40 83
51 19
92 69
95 93
35 82
74 83
66 33
91 97
22 97
40 22
32 59
16 69
23 80
47 40
74 5
86 98
51 7
84 87
13 82
80 79
61 39
49 72
80 82
8 53
19 43
35 56
24 19
27 46
64 38
52 54
18 26
49 65
85 23
26 83
31 89
8 46
86 55
71 46
40 85
40 1
28 15
34 60
25 20
70 82
81 21
15 88
65 30
13 88
35 74
47 82
30 75
68 55
66 65
12 85
28 59
33 33
80 29
55 25
37 52
25 5
69 57
93 29
4 1
44 8
49 7
81 8
68 26
6 3
39 89
17 48
10 87
39 14
82 26
47 57
32 20
50 73
9 14
18 88
47 13
86 52
16 56
40 14
8 85
97 21
82 10
34 89
64 3
91 27
51 8
25 4
38 30
43 17
28 10
77 15
37 29
90 40
58 79
38 28
56 7
62 38
1 13
16 53
46 75
47 19
77 92
1 87
52 25
74 94
36 7
30 89
21 91
13 26
68 56
33 71
21 13
72 36
29 76
62 70
73 57
60 59
51 80
90 30
89 86
51 71
70 81
74 88
93 38
80 59
24 40
66 86
10 65
83 20
98 34
45 59
97 41
27 2
6 69
90 91
53 46
86 79
43 64
51 69
47 31
75 52
66 19
32 55
50 86
75 8
74 56
73 81
52 41
49 41
52 82
12 56
35 31
7 82
6 74
51 68
47 22
60 22
21 66
66 30
76 84
89 58
26 22
37 70
29 33
69 70
39 34
38 25
30 41
24 46
86 56
52 2
12 59
29 1
53 19
53 67
47 30
53 72
64 63
35 69
63 37
43 96
29 80
19 55
59 89
4 11
17 69
23 84
2 29
68 90
68 4
54 80
9 92
29 19
69 23
5 68
65 95
11 27
53 26
92 67
78 67
60 64
9 77
38 14
57 7
48 51
92 44
54 48
26 87
31 69
63 44
61 75
30 32
85 77
20 75
8 36
59 54
69 80
25 62
57 56
20 92
84 72
59 95
51 24
54 42
77 98
70 6
94 79
82 79
6 27
36 39
79 3
2 63
15 61
41 77
54 88
65 42
84 20
41 18
4 5
78 86
44 88
53 44
45 30
66 25
35 68
94 93
97 63
51 20
23 68
28 43
73 13
18 97
40 2
63 82
57 54
86 8
85 9
16 9
63 48
64 46
34 63
19 45
36 91
53 77
82 16
54 24
43 92
91 46
82 69
25 44
38 91
28 14
39 27
82 5
58 61
82 93
36 29
50 68
93 21
39 55
14 53
71 44
29 96
83 46
25 37
73 18
47 92
39 37
13 94
25 17
85 19
83 70
17 22
5 5
25 58
46 49
69 62
43 34
6 52
49 2
7 18
46 37
82 55
92 88
44 63
45 31
44 80
19 11
43 50
24 50
84 18
48 94
22 20
58 45
72 64
88 94
50 33
2 58
31 33
5 1
X
44 34
0 56
10 25
40 41
3 40
45 16
5 35
72 61
15 76
39 63
60 66
66 28
29 20
56 22
49 55
69 20
5 59
64 48
65 60
24 4
25 90
77 38
62 12
88 12
89 63
15 13
35 86
5 86
62 72
75 65
37 21
65 32
87 5
66 2
54 70
74 85
72 27
57 69
12 11
90 42
14 12
72 76
66 89
87 34
19 13
10 61
59 47
41 36
27 43
8 90
4 15
91 58
41 59
20 11
52 48
17 90
95 41
9 46
95 43
22 4
35 66
17 2
76 15
40 18
5 8
98 74
5 91
44 32
88 95
74 74
15 74
52 80
82 78
26 21
43 80
98 25
53 2
90 33
45 61
20 33
8 25
12 37
24 12
75 50
66 26
80 57
78 93
92 42
69 47
2 72
79 81
12 42
4 74
84 57
68 49
71 81
89 40
27 86
80 5
37 23
45 79
19 14
47 44
19 23
52 72
72 13
81 36
88 66
84 33
5 3
73 54
56 25
25 68
15 69
49 91
50 8
87 14
15 4
96 53
6 72
22 23
48 34
61 69
46 47
97 71
92 6
73 8
84 10
79 71
38 60
12 75
63 93
0 73
26 70
90 64
44 15
89 64
9 26
38 80
8 15
66 73
77 48
7 53
59 90
X
89 28
8 82
27 7
58 10
78 44
69 50
5 43
3 84
65 47
74 70
53 54
40 55
19 65
46 87
22 92
33 82
91 51
39 77
83 7
19 83
89 46
90 67
42 43
56 11
80 66
69 63
35 59
60 74
76 67
13 29
97 2
21 45
17 10
14 16
79 2
35 26
41 55
74 61
82 24
14 61
41 14
37 64
5 39
96 81
1 15
53 25
46 62
21 70
38 77
24 48
71 36
66 46
76 72
27 6
11 13
10 19
56 15
12 16
23 27
46 50
24 67
46 95
26 34
7 74
12 64
3 18
13 78
88 8
22 78
4 12
86 34
57 60
11 2
26 11
2 77
70 50
79 17
46 20
97 33
79 0
38 36
77 2
93 94
25 28
14 2
18 17
79 4
15 8
85 98
72 33
54 52
81 2
32 98
67 89
0 22
19 74
23 24
9 6
66 23
0 67
20 40
88 70
47 10
15 90
20 57
35 47
19 44
73 10
11 47
22 5
57 78
38 56
72 24
19 88
71 30
5 30
47 87
54 31
44 16
53 20
50 63
39 66
54 92
42 25
22 71
36 77
31 68
23 43
24 43
45 62
25 56
28 5
78 29
69 46
6 49
39 65
57 11
14 94
26 80
93 39
32 6
90 44
1 46
35 23
7 95
41 22
96 19
91 38
44 75
87 82
12 88
34 7
66 27
84 74
27 10
89 74
5 16
34 87
97 25
91 67
53 3
33 62
80 87
56 1
95 62
36 11
84 80
39 46
62 61
45 76
28 27
9 76
94 23
85 86
8 72
81 20
64 85
45 48
35 95
66 92
43 3
43 89
35 60
83 18
89 26
67 80
82 14
36 58
8 75
87 22
37 41
1 53
27 22
95 45
38 61
67 42
75 74
71 95
66 3
64 27
57 37
38 41
62 91
30 53
32 54
65 31
74 25
57 9
8 23
64 19
20 34
17 23
23 56
96 51
79 94
44 18
36 20
69 41
49 52
4 9
40 67
79 38
89 51
68 76
96 46
98 11
46 13
32 14
10 58
3 35
24 56
52 20
87 88
76 70
53 5
17 78
72 52
47 93
52 65
9 97
6 38
29 71
51 79
6 86
90 52
14 56
47 32
28 52
81 83
31 31
64 26
36 26
22 59
65 4
68 87
91 13
73 72
40 73
74 29
49 93
0 11
4 65
98 15
49 97
82 21
97 36
69 95
95 36
56 2
77 68
30 34
8 55
54 95
22 65
17 65
66 62
97 84
54 3
69 48
12 43
66 20
13 17
53 85
47 24
31 75
39 1
38 52
65 57
9 36
2 97
98 70
87 18
56 39
93 71
84 28
70 21
61 1
95 96
48 49
67 25
50 34
52 33
24 85
85 91
82 13
39 71
93 70
28 69
48 97
50 28
31 34
93 2
35 64
84 52
12 89
60 89
86 44
50 92
84 7
45 11
4 6
13 36
64 39
29 22
46 80
22 11
57 53
57 42
49 49
56 43
36 17
24 81
89 50
42 23
69 29
58 73
6 71
88 22
5 31
64 65
59 33
55 48
91 25
5 44
43 72
11 28
39 30
6 66
7 96
68 37
29 55
96 44
67 98
77 41
63 28
58 6
56 41
45 49
27 84
72 67
49 30
66 58
93 22
92 93
43 87
22 73
76 56
81 71
48 32
80 11
89 16
98 30
63 47
50 66
66 70
51 85
77 63
25 93
3 53
43 32
30 78
26 43
62 47
96 55
4 63
45 44
50 53
44 19
63 30
31 35
45 54
38 49
13 4
3 52
72 18
62 49
48 81
50 71
38 71
83 89
65 96
98 21
94 19
52 46
85 53
66 80
83 12
48 33
17 9
31 79
44 22
46 28
93 68
48 14
91 53
94 29
27 23
85 65
82 66
54 74
35 81
26 14
74 60
15 5
71 48
75 75
86 59
43 54
30 6
96 0
61 90
38 23
18 98
80 64
30 0
97 46
69 81
3 10
31 56
4 88
66 94
81 89
97 69
54 60
56 89
71 12
92 3
22 48
31 87
65 66
79 39
67 91
85 18
55 7
85 68
6 33
5 95
39 26
36 89
25 50
82 17
96 64
5 22
26 30
20 38
26 29
21 56
1 81
74 4
97 49
69 44
14 81
5 27
81 31
98 47
35 51
4 89
37 79
83 5
46 3
73 50
45 36
97 94
79 33
56 10
78 70
60 75
50 19
92 53
34 15
18 64
89 84
27 31
78 63
54 78
49 79
33 95
98 87
74 2
94 89
73 63
62 80
49 15
46 8
22 94
11 62
48 63
6 32
85 76
48 89
83 2
71 72
39 29
82 86
72 31
46 78
44 81
13 62
50 61
43 74
11 64
34 76
67 5
62 92
36 83
90 25
92 5
60 47
89 67
49 28
58 66
89 90
69 59
45 51
12 76
51 90
34 68
92 89
35 70
11 76
96 14
33 69
30 10
5 60
67 8
82 91
66 71
77 33
13 49
95 56
42 48
53 48
68 52
95 88
61 63
55 39
22 7
6 45
38 34
16 71
65 29
55 72
58 90
56 67
90 72
96 82
60 0
40 82
54 7
68 75
97 56
21 40
56 73
19 70
72 54
31 97
34 40
18 74
67 59
73 73
14 92
14 83
90 92
35 7
88 98
22 57
66 52
66 39
95 2
20 39
53 41
10 45
73 51
66 5
78 95
80 34
50 21
27 20
55 58
3 24
14 27
69 78
10 56
18 0
42 13
32 13
20 97
41 12
30 24
95 42
94 14
15 79
65 33
57 12
10 26
46 48
97 62
40 36
62 55
11 89
77 55
27 47
5 63
41 35
54 69
55 44
50 40
74 95
49 5
91 22
74 75
0 72
44 41
95 98
59 79
96 68
42 80
40 69
58 72
23 97
27 15
9 87
54 49
44 62
97 55
48 64
46 88
19 34
6 28
20 71
14 85
42 76
91 60
68 44
11 98
24 30
90 94
9 64
78 55
38 82
49 22
85 74
48 46
57 40
67 40
32 85
67 71
53 15
78 19
93 62
91 93
56 90
3 68
53 66
11 66
47 9
75 40
43 91
88 92
11 16
96 91
90 62
25 43
51 47
35 50
44 28
27 1
69 82
13 64
22 2
89 77
49 59
4 4
73 1
14 70
47 80
29 45
76 1
10 29
34 17
40 33
22 54
90 61
84 19
53 58
44 66
59 74
91 19
92 2
8 97
82 32
20 94
16 93
84 61
59 67
74 98
57 31
70 45
20 7
12 63
81 67
12 41
59 56
73 32
7 54
91 45
15 58
16 24
74 86
24 87
32 92
18 13
84 23
7 87
53 52
65 87
81 17
4 29
22 63
78 34
37 84
94 5
61 48
80 24
37 1
81 58
44 35
81 90
11 84
63 10
56 5
50 52
8 95
52 53
64 95
83 77
39 83
70 47
23 44
53 4
73 88
73 23
18 40
38 74
73 24
88 63
73 74
66 72
4 33
35 42
83 69
41 17
13 96
14 14
90 45
39 76
40 46
31 19
46 61
6 65
78 89
71 79
38 55
45 91
69 91
20 24
35 25
17 51
4 2
36 94
97 26
16 11
2 12
40 13
30 17
70 36
62 60
60 35
82 2
55 54
75 43
6 97
35 72
79 24
32 35
23 65
84 38
46 31
93 77
21 64
17 66
75 17
9 44
84 40
20 23
57 74
16 47
4 97
46 42
38 78
2 47
86 35
44 67
63 29
33 92
97 72
45 88
12 91
36 43
59 88
20 3
72 75
83 62
87 13
30 87
1 11
58 9
97 38
76 49
24 60
0 97
28 7
58 63
49 90
3 86
14 47
10 64
23 58
50 57
76 30
76 44
51 35
35 85
12 95
59 11
65 10
8 83
78 37
98 69
34 32
38 16
95 49
21 24
14 68
52 10
5 98
1 60
6 25
26 46
66 17
0 9
96 41
59 65
31 47
55 38
38 50
54 51
75 70
74 77
78 59
70 68
4 35
6 8
97 24
86 82
70 65
53 84
96 37
65 6
43 77
12 22
23 4
33 74
29 35
61 11
56 14
28 40
10 69
75 77
58 69
20 45
79 57
95 57
5 41
37 11
65 43
39 0
91 66
81 45
56 65
73 22
34 47
82 7
68 48
69 79
54 14
18 57
52 29
89 66
98 26
1 86
66 21
71 29
86 21
97 70
12 84
39 86
20 28
18 8
15 86
13 76
48 6
52 95
47 56
11 53
27 29
89 97
88 13
9 90
53 75
92 62
98 44
55 0
37 44
44 30
44 55
19 89
33 21
48 90
24 38
53 68
10 91
61 40
29 39
64 17
74 0
73 29
93 76
53 87
93 34
96 30
65 80
69 58
70 52
21 97
44 65
57 41
54 53
94 86
9 79
82 56
33 15
42 56
2 18
51 18
96 40
30 40
74 10
65 59
1 9
90 82
0 47
86 74
56 26
81 53
48 44
86 62
55 21
83 82
61 93
96 56
48 57
88 7
74 93
27 9
0 93
24 3
76 73
85 7
40 44
11 57
47 79
2 89
51 55
40 5
62 37
0 65
61 88
41 8
46 10
72 35
59 75
81 47
25 23
54 97
21 78
29 78
56 59
23 36
41 60
50 87
89 57
48 55
78 87
16 95
80 70
67 87
61 23
95 15
31 67
20 20
31 21
48 7
70 23
70 96
36 80
19 24
78 33
85 60
10 71
28 17
21 62
41 40
8 28
20 18
44 76
73 0
31 22
65 56
7 65
9 50
65 64
46 79
15 94
10 34
37 78
3 28
69 65
69 97
73 20
63 41
9 84
47 33
1 85
97 22
38 70
5 93
54 43
38 44
78 21
76 42
26 45
40 48
83 98
69 21
84 12
75 38
94 10
64 81
80 9
49 74
79 28
5 96
94 9
95 91
58 67
43 10
43 48
83 14
47 39
51 27
66 6
38 18
93 6
87 92
78 65
78 46
58 34
87 42
5 94
86 65
42 83
79 47
72 0
1 24
66 98
66 53
23 31
12 65
53 76
55 34
46 35
23 8
18 7
41 41
13 50
91 71
16 40
78 16
64 89
92 41
42 58
49 82
5 4
54 17
63 15
40 40
82 50
49 35
48 39
67 79
59 85
55 57
48 30
48 73
67 2
37 50
37 0
50 89
80 20
46 46
56 44
40 7
10 90
51 33
90 55
38 19
68 43
21 25
43 76
83 4
94 64
79 78
X
26 53
21 33
52 90
9 21
91 76
17 41
95 68
93 33
40 47
90 95
71 8
92 55
81 29
59 82
32 0
55 12
63 23
4 85
10 48
50 3
62 23
94 0
76 63
43 66
42 66
92 33
15 20
60 18
48 11
10 70
79 45
5 67
52 96
44 17
61 46
26 20
16 7
98 16
50 12
54 47
88 26
72 28
97 48
55 69
63 79
83 75
81 98
14 52
18 15
85 31
89 8
59 3
49 88
19 68
70 73
45 89
72 87
19 19
8 16
27 33
62 28
21 67
34 58
31 66
1 98
47 29
26 52
8 6
40 78
48 62
17 73
97 54
1 58
9 32
15 28
8 17
7 94
0 14
78 11
65 75
88 57
89 32
24 78
98 85
66 81
31 29
81 28
71 74
76 89
33 52
89 76
16 52
32 23
63 16
61 81
60 3
16 59
55 49
6 23
34 14
30 54
38 66
54 22
49 64
57 64
58 55
82 77
17 89
88 14
51 60
91 52
71 96
0 76
20 60
30 5
82 33
13 9
24 83
7 40
51 2
80 25
9 48
91 91
48 47
38 62
53 81
32 48
20 63
47 46
20 66
28 60
58 76
0 63
53 22
35 14
44 97
98 81
82 1
6 82
98 80
36 19
16 18
88 34
75 57
87 23
88 86
41 27
13 20
89 1
84 69
88 88
23 70
39 48
2 19
70 94
34 67
34 80
10 85
58 53
3 72
3 66
10 62
12 27
92 57
36 78
83 32
8 52
97 86
8 79
27 48
0 60
33 43
45 32
49 46
96 9
20 2
36 32
68 94
90 38
15 47
44 39
91 54
64 10
96 1
21 95
80 90
2 24
26 67
51 22
43 84
26 91
54 77
47 17
43 19
13 71
89 96
69 94
11 41
87 24
78 4
66 51
85 44
74 6
10 63
42 11
16 21
77 58
89 44
16 49
3 26
28 25
7 33
19 67
26 55
92 43
94 80
44 14
74 23
48 65
49 78
72 21
7 56
16 91
52 39
24 39
78 84
89 18
1 51
65 46
39 43
37 81
4 21
95 33
78 32
58 62
64 28
65 52
71 1
95 97
82 68
3 80
70 14
84 4
72 39
56 24
67 83
83 3
70 60
48 18
1 88
55 36
15 40
20 9
73 33
83 60
0 52
13 12
93 54
36 66
25 45
86 24
95 26
83 73
16 17
45 33
40 86
21 93
50 96
84 32
37 96
77 66
34 28
33 22
42 62
5 25
27 80
57 88
73 21
98 88
43 83
90 24
54 19
54 4
5 17
6 79
96 71
30 68
26 89
20 93
90 86
88 33
91 50
29 56
39 78
25 22
80 98
42 91
91 14
37 98
24 49
28 81
5 89
50 55
43 29
56 27
0 51
74 62
74 55
45 17
11 92
78 92
42 61
36 36
51 41
11 67
47 49
X
83 47
65 83
30 82
96 28
44 68
85 42
30 51
2 10
48 8
84 63
11 36
3 11
96 85
26 31
58 42
38 12
93 53
34 38
48 24
50 5
11 10
43 79
73 56
95 10
74 84
65 72
89 33
92 23
2 46
59 76
89 69
43 78
29 74
2 94
43 63
55 14
21 3
77 78
63 31
92 31
4 28
72 22
46 76
86 11
26 3
30 80
49 54
1 18
57 83
75 36
33 50
27 8
87 93
26 27
12 40
11 15
49 87
76 57
8 21
36 64
50 22
15 19
90 21
58 33
9 95
39 9
36 71
56 56
82 40
86 5
82 38
79 91
73 52
32 67
64 77
56 20
29 30
50 76
19 72
87 17
17 18
13 19
19 78
63 85
88 93
22 14
67 9
81 73
80 97
10 8
50 23
10 10
63 72
41 78
35 77
68 28
10 24
81 93
87 45
73 45
7 68
27 68
X
62 6
48 3
26 90
30 85
5 64
8 66
84 95
83 50
44 31
21 23
61 55
88 80
23 6
24 58
10 43
12 55
89 98
66 56
30 9
59 28
98 89
14 86
57 91
37 13
97 1
3 98
61 0
50 64
3 88
62 74
93 67
46 7
37 15
32 46
34 77
83 64
X
68 81
33 46
81 75
93 82
85 40
80 56
76 0
79 93
91 56
76 21
27 52
95 44
70 48
56 78
56 85
65 18
66 47
50 38
19 8
69 8
49 47
12 13
76 80
15 7
92 40
71 53
96 95
43 16
X
4 84
98 14
15 0
8 27
19 66
27 13
67 43
53 13
91 86
3 95
75 98
65 44
35 48
4 17
64 41
77 53
37 47
20 65
45 60
15 54
87 15
55 71
54 94
20 69
12 14
30 90
57 61
94 94
25 87
57 94
55 20
88 24
94 7
89 80
97 27
19 54
3 82
4 16
28 28
53 6
83 29
52 35
36 21
80 46
59 26
26 60
87 64
41 3
28 67
32 94
47 88
14 59
2 92
83 6
21 9
48 70
1 12
2 45
49 3
52 77
64 45
14 79
57 2
61 92
76 62
86 32
16 33
75 59
97 0
6 24
51 6
15 50
72 30
38 93
94 30
86 43
80 76
83 66
89 12
33 32
91 43
45 77
23 83
95 23
48 54
98 95
49 58
67 52
47 42
93 88
64 60
44 78
47 62
90 5
71 92
65 19
78 9
44 24
78 24
73 97
85 6
59 24
22 56
21 65
87 33
10 14
54 59
80 12
30 77
25 40
13 60
32 64
95 31
9 71
43 95
62 76
4 64
60 1
39 19
58 16
24 18
83 9
82 58
94 74
62 94
78 60
10 41
10 46
2 38
83 39
28 41
40 88
34 13
12 79
29 77
97 85
39 60
5 13
71 27
50 20
8 7
42 44
90 77
96 27
32 60
16 41
65 41
24 89
2 53
80 94
37 45
5 71
80 48
60 78
41 86
8 5
16 28
2 48
73 9
18 56
47 97
78 66
32 38
82 15
16 79
78 54
87 91
45 22
90 32
55 41
12 23
6 51
1 76
4 67
61 57
25 54
32 45
19 15
6 12
38 75
94 73
22 75
6 37
91 30
51 95
3 91
X
11 9
63 27
45 42
53 82
41 73
30 31
93 35
44 95
13 46
12 97
83 83
31 45
23 42
39 15
27 61
20 52
49 4
78 69
X
58 91
18 35
43 21
30 94
87 71
22 29
87 95
48 42
81 60
33 29
58 43
8 87
69 9
62 65
43 93
49 75
94 63
59 59
32 91
47 71
9 55
22 67
66 60
47 91
3 56
38 73
7 84
9 41
64 62
70 98
20 44
62 36
63 53
43 38
27 42
92 4
12 33
7 41
85 82
74 79
85 63
9 72
96 25
64 7
13 85
53 11
84 47
52 4
41 45
5 82
76 12
45 68
28 68
39 70
15 52
11 42
84 50
17 49
1 95
57 47
86 7
21 27
64 71
0 77
94 78
36 25
38 35
68 31
77 70
61 38
50 58
0 10
41 69
36 82
66 24
17 8
66 8
68 62
39 36
22 79
62 81
22 52
76 20
72 45
24 21
52 23
64 12
47 67
76 35
31 98
45 14
17 56
74 20
75 58
52 62
64 8
68 21
45 45
17 93
45 19
14 4
56 72
98 91
71 76
72 14
33 31
5 84
40 59
73 70
69 17
31 60
8 76
97 40
64 2
80 71
63 61
21 31
25 32
48 96
24 34
20 98
97 79
19 58
27 40
45 85
66 96
68 89
X
49 23
54 96
11 46
87 78
34 19
94 25
37 37
34 57
17 12
96 80
1 66
17 19
42 79
23 38
34 37
42 60
52 15
7 25
41 13
10 1
44 61
6 83
84 8
55 59
24 17
32 93
10 66
49 51
20 1
41 2
84 13
61 83
59 15
89 37
42 89
75 0
78 20
80 10
23 94
33 45
7 50
97 95
53 38
53 86
87 41
86 12
1 73
34 20
18 22
68 84
71 37
89 49
50 90
6 96
75 49
71 57
95 63
73 36
36 87
63 1
72 94
40 68
25 26
23 26
19 12
32 75
30 20
55 89
5 69
53 96
88 17
87 19
86 19
24 13
78 10
7 30
33 14
70 64
31 63
65 50
20 74
54 27
43 67
39 67
63 9
60 25
81 56
71 51
95 13
76 40
67 82
60 2
34 78
75 62
15 38
10 74
36 33
25 66
65 9
79 85
85 13
1 96
98 92
7 97
24 42
33 60
92 96
62 78
66 9
3 69
15 66
52 7
52 76
86 15
80 44
88 56
90 74
83 48
32 17
9 34
78 88
39 31
22 81
94 15
14 33
21 44
24 93
25 89
16 65
50 42
10 3
83 22
33 65
4 70
88 6
77 61
81 54
5 40
69 35
67 37
40 76
88 35
62 7
7 27
X
35 83
6 46
81 78
67 38
0 13
27 3
12 48
89 34
65 12
8 31
25 41
9 58
10 44
34 45
94 62
88 81
87 8
44 53
93 14
67 47
21 58
21 7
6 5
40 50
98 93
90 97
73 55
89 41
95 32
44 70
66 84
67 96
9 57
82 9
4 78
25 67
90 12
48 16
32 77
88 18
77 93
40 11
96 47
82 49
45 78
12 39
11 93
52 61
22 77
98 61
26 36
24 91
18 96
83 74
69 28
43 86
70 42
37 51
10 59
46 56
29 31
0 96
23 69
34 70
91 68
60 57
91 23
90 35
69 25
82 65
35 76
60 83
91 59
78 8
3 89
78 64
59 6
28 8
14 3
34 22
97 13
57 72
89 82
76 54
29 73
16 73
93 51
36 51
8 67
9 78
48 91
88 43
45 25
17 97
50 80
75 54
2 73
81 46
36 60
72 1
38 96
64 58
12 47
57 85
77 10
13 58
78 71
70 61
47 27
96 76
33 13
95 59
11 20
56 4
50 39
36 47
98 12
56 21
80 69
91 7
77 77
68 53
54 5
82 92
79 20
6 7
24 33
87 28
33 63
25 88
84 98
74 50
53 51
79 54
47 38
80 61
96 50
88 27
44 92
19 76
35 58
3 64
26 37
23 29
65 7
52 81
51 61
71 47
93 23
52 8
79 41
41 84
18 14
43 8
34 35
79 72
48 12
77 22
91 24
64 9
25 82
77 65
25 97
89 81
73 30
80 78
6 78
37 55
58 39
5 78
52 40
16 10
33 80
12 19
85 41
67 29
56 46
26 85
41 19
43 82
95 94
35 45
1 77
4 23
94 45
49 27
46 40
X
84 29
94 35
67 84
95 58
54 71
37 76
24 22
98 22
75 88
44 49
26 33
58 97
13 53
13 41
36 42
27 5
55 6
74 36
70 35
81 55
78 90
11 49
66 4
62 79
6 14
96 13
19 10
74 96
18 53
7 72
41 49
63 49
15 26
24 27
29 21
44 27
9 42
32 36
98 32
87 9
57 76
8 3
49 71
45 15
1 61
35 8
54 56
X
67 61
32 50
3 22
17 28
37 7
13 34
43 31
91 39
86 45
82 3
62 30
25 52
63 57
58 83
46 82
55 94
61 54
0 48
68 30
6 55
97 96
70 67
23 34
97 12
80 8
68 22
3 58
78 18
5 38
28 79
91 95
3 94
42 65
76 98
34 39
79 70
22 43
76 14
39 16
12 73
X
50 82
51 74
28 86
28 64
21 85
95 1
11 37
43 56
95 28
81 74
22 64
33 78
40 84
16 68
81 79
26 50
71 49
83 92
82 90
54 20
72 73
7 8
73 5
96 92
21 15
55 16
87 77
96 33
44 5
80 95
79 63
1 23
3 15
72 51
0 94
36 46
63 58
54 23
72 95
36 92
64 55
91 57
17 81
18 90
16 60
84 84
22 93
10 33
20 59
54 41
78 12
40 16
17 72
91 5
86 61
64 5
49 81
75 37
21 35
10 89
8 88
44 11
25 6
13 98
22 45
14 57
65 70
87 90
37 25
72 8
90 93
82 75
82 19
86 4
57 98
49 33
88 71
72 68
67 16
72 49
80 86
19 46
98 40
56 81
37 6
41 50
98 67
73 96
9 98
58 86
12 70
78 61
19 56
13 81
45 80
29 48
98 42
21 42
43 49
23 54
38 6
79 62
19 69
81 26
32 70
18 3
84 60
39 38
6 30
92 85
23 61
9 80
68 77
30 48
11 48
21 61
5 18
34 55
22 10
35 84
68 47
74 49
60 48
57 39
63 91
34 24
76 59
8 2
2 83
53 79
54 12
18 54
37 31
2 56
35 75
55 1
53 43
98 41
73 61
95 48
1 55
20 96
74 16
57 52
46 5
8 54
7 51
64 91
86 63
41 1
0 86
30 21
5 14
27 76
19 59
68 79
86 77
64 40
83 23
71 91
14 55
66 10
50 27
9 45
49 17
93 13
47 95
98 79
63 52
54 40
47 69
63 80
12 45
22 61
85 70
47 8
74 89
83 33
23 39
16 0
4 32
88 46
80 67
57 21
25 31
13 56
8 98
16 12
1 43
52 64
70 59
50 51
57 95
30 23
57 3
37 67
28 44
38 42
42 90
59 23
48 52
38 26
84 75
24 61
61 94
44 25
63 78
14 58
40 20
74 9
4 81
96 59
25 76
65 5
43 68
88 55
71 10
25 11
45 87
98 8
7 38
90 41
15 48
28 75
17 42
41 20
47 89
68 10
39 52
76 76
23 3
48 36
7 63
66 7
75 13
1 0
44 29
12 69
98 2
25 80
94 34
37 27
14 9
65 63
59 87
14 91
44 40
89 56
93 59
85 73
38 65
5 52
25 75
15 80
84 5
12 67
29 67
42 15
59 48
21 53
84 17
16 50
37 48
56 8
16 80
28 61
42 50
29 40
46 66
36 70
48 67
80 50
94 20
17 26
8 65
51 59
48 79
41 68
12 18
27 53
52 9
4 25
82 95
26 38
42 84
90 50
11 60
5 47
29 83
95 6
2 64
80 55
82 6
46 11
77 79
83 90
91 77
11 70
66 22
36 76
93 42
33 91
78 68
19 22
77 29
56 47
47 15
77 60
11 24
10 22
81 87
23 30
21 34
73 7
97 23
96 86
63 55
24 68
91 37
74 30
57 87
78 13
95 81
19 35
13 95
94 43
91 75
10 94
60 73
22 8
61 9
66 32
63 43
73 17
45 1
83 65
58 84
85 29
29 84
4 39
21 4
23 79
60 68
84 66
82 47
30 93
1 93
23 16
57 81
29 0
44 26
36 85
79 60
48 74
87 63
86 73
92 0
25 47
46 52
68 60
83 16
75 78
74 24
91 18
75 31
57 71
16 61
42 9
46 58
20 83
20 56
11 58
56 32
9 39
24 80
41 37
30 81
75 10
34 18
14 35
15 84
61 66
25 27
6 60
80 88
8 42
57 45
74 59
59 83
55 53
87 40
9 91
14 49
13 27
69 56
32 25
70 10
53 36
7 66
69 74
40 32
3 96
77 52
70 43
7 46
62 67
69 54
32 19
55 60
50 6
15 24
68 3
9 40
27 27
28 32
46 14
20 25
69 67
90 84
62 50
10 92
45 55
91 70
15 16
22 58
53 42
65 74
29 34
49 39
25 24
50 65
64 25
48 19
47 34
8 14
43 15
96 54
24 88
26 26
89 91
39 50
16 26
45 52
6 95
70 63
98 84
45 41
33 7
1 47
7 70
4 68
56 58
83 96
12 71
47 35
60 36
75 48
8 18
91 12
72 53
34 46
13 15
94 16
5 0
55 98
52 19
25 92
23 53
44 9
11 34
84 64
55 11
64 61
50 56
4 38
74 72
34 92
60 55
62 15
X
10 60
32 87
48 23
88 87
71 73
44 82
12 49
71 38
97 9
66 82
49 13
3 73
69 38
34 71
92 94
94 72
57 92
51 52
88 16
58 68
23 82
3 25
9 23
6 2
90 37
68 40
85 11
91 65
23 15
31 42
X
75 79
52 78
17 50
87 16
80 3
92 34
34 26
41 47
33 94
80 32
76 51
8 63
40 52
53 64
84 94
26 7
37 97
60 81
62 57
48 75
70 66
51 40
8 10
12 29
4 53
76 90
86 87
6 70
87 6
2 13
90 34
34 48
54 39
45 95
83 91
X
12 82
20 81
64 64
80 58
7 92
53 0
56 95
72 86
8 26
17 35
58 98
61 71
81 33
23 77
24 32
23 5
50 74
71 59
62 10
28 84
46 1
96 39
65 61
96 24
0 64
15 75
47 11
0 82
2 1
52 50
18 20
81 44
87 81
31 46
34 91
91 35
45 75
71 82
45 94
92 38
51 65
79 19
73 49
78 72
8 80
74 41
71 64
32 28
61 74
69 60
83 8
67 23
14 71
12 60
59 69
17 29
47 78
39 2
77 85
57 32
50 45
69 96
97 93
13 48
44 21
17 60
11 23
85 79
49 73
89 75
79 36
8 70
57 68
56 54
58 78
66 45
81 6
61 64
9 59
17 59
41 87
3 90
94 60
18 6
65 82
6 93
56 45
6 20
1 92
71 93
70 26
29 36
56 68
16 34
27 45
23 1
98 39
21 60
7 77
76 34
8 56
39 88
46 81
63 86
45 83
56 6
6 54
97 37
59 84
65 23
57 77
94 24
25 91
20 29
12 93
9 8
26 82
74 7
12 9
44 0
71 63
96 72
33 88
85 22
71 9
83 0
55 56
30 4
13 91
86 40
67 78
60 27
37 83
3 76
55 73
43 81
45 92
6 19
10 77
14 8
37 16
69 89
17 25
80 49
55 52
2 88
63 77
82 35
74 57
71 97
82 18
10 11
22 72
34 11
6 80
30 83
4 24
16 6
40 35
54 72
50 54
4 77
15 85
64 1
27 81
33 93
18 82
24 82
73 94
9 12
14 63
71 28
98 62
9 38
68 12
59 25
3 19
2 68
73 34
40 95
90 96
54 93
21 73
86 64
16 14
69 6
2 33
97 7
89 65
45 8
54 57
18 16
4 44
62 8
3 16
67 93
32 82
23 25
48 29
87 37
21 68
59 77
49 18
57 44
63 26
96 78
40 49
0 66
82 42
59 80
77 62
60 72
6 48
93 60
88 77
91 42
7 12
83 56
26 97
5 53
20 15
47 36
95 86
88 52
6 47
17 15
84 92
57 5
13 24
64 86
22 18
63 24
94 58
7 13
68 92
53 91
5 28
24 77
3 71
22 21
13 22
55 91
53 57
30 50
73 75
50 35
57 67
84 21
82 96
50 77
34 50
27 44
8 19
54 28
57 27
37 61
7 86
93 36
58 74
54 32
25 7
70 97
42 75
35 22
6 11
39 59
33 85
28 23
84 35
45 96
74 32
75 23
15 72
63 19
59 61
90 75
16 4
13 10
23 50
74 39
66 55
14 25
20 22
65 58
26 64
84 24
46 96
40 57
75 81
66 61
28 77
40 10
14 62
48 41
47 53
56 82
96 65
49 69
62 11
76 22
41 63
56 53
46 12
96 38
3 81
4 55
58 46
78 1
25 21
67 30
2 26
87 94
8 29
92 56
85 67
74 91
64 84
23 52
71 94
88 49
56 48
16 55
69 36
88 89
42 70
9 51
61 59
27 70
96 15
28 29
96 62
72 44
7 21
92 15
10 47
44 13
61 37
77 84
96 22
91 84
79 40
91 85
42 45
65 71
12 4
69 37
66 59
59 63
14 74
24 24
14 10
20 21
55 90
88 42
43 36
88 65
66 75
40 79
85 8
15 98
59 60
40 42
93 57
21 30
46 91
80 28
98 0
33 86
32 39
38 11
22 12
36 61
10 40
20 80
79 55
7 89
95 89
78 30
54 50
37 35
10 83
92 60
28 16
16 5
89 31
39 25
28 2
37 89
7 11
89 17
77 87
51 9
96 84
11 90
2 11
82 57
28 19
44 79
82 22
90 59
49 60
87 76
79 88
3 7
75 86
58 60
67 54
45 66
35 40
36 23
87 70
26 42
26 77
54 11
66 74
2 9
49 11
97 51
92 12
88 96
38 47
45 98
36 56
73 71
24 97
30 29
49 68
75 25
85 64
90 57
51 64
75 82
50 17
58 23
45 58
31 8
50 78
14 20
19 25
85 59
37 18
56 23
77 94
54 46
27 79
11 45
79 64
9 85
89 22
44 87
51 53
45 39
14 5
85 38
37 20
85 55
39 6
17 64
37 82
93 3
82 23
34 69
18 55
36 68
67 31
2 32
68 39
42 20
37 56
79 21
2 50
8 45
26 75
44 56
25 57
42 81
67 50
55 83
61 91
88 67
53 1
31 80
8 39
96 69
28 4
4 37
2 87
86 33
16 64
23 18
25 36
4 20
18 60
55 33
68 91
87 53
95 11
2 25
70 91
38 21
97 68
96 75
21 71
20 30
82 84
81 1
4 34
43 23
44 77
63 71
49 86
45 81
74 37
54 29
90 53
47 51
48 87
12 96
79 8
73 87
36 65
20 67
81 22
4 54
43 61
90 66
77 34
35 80
41 44
61 17
52 24
29 51
15 22
15 39
58 18
29 82
7 26
6 64
82 76
97 8
64 94
60 67
37 68
16 89
63 84
27 65
67 46
96 70
23 76
14 15
82 39
35 93
73 85
28 26
37 65
65 45
66 85
36 28
4 7
29 18
32 47
50 4
44 7
62 83
81 19
69 30
97 66
80 7
90 31
15 12
97 82
73 19
55 24
73 89
97 80
93 64
21 98
91 40
7 3
89 78
34 23
70 72
80 14
22 62
0 53
39 64
7 14
40 37
73 83
40 3
38 22
63 8
54 37
46 51
50 30
23 96
54 36
67 44
95 80
9 82
51 63
41 11
87 0
18 43
36 95
29 24
56 55
14 13
3 93
0 55
3 5
50 69
84 22
14 37
89 25
59 57
28 73
2 96
87 96
85 37
3 97
9 22
95 27
3 51
70 89
48 82
22 85
57 38
36 79
80 96
95 37
39 22
84 83
1 56
30 52
21 22
78 80
12 36
38 48
19 95
1 65
43 58
2 23
57 26
17 1
49 77
13 54
92 7
58 65
41 85
43 13
98 65
82 85
46 60
60 41
13 39
32 78
54 87
88 32
96 48
50 29
74 71
84 91
14 54
97 91
91 83
7 6
70 62
81 49
14 65
57 28
3 39
17 70
85 72
53 12
86 80
48 66
29 32
53 95
95 46
54 26
24 35
81 24
18 58
29 8
42 68
47 61
19 40
5 7
74 43
79 86
94 39
13 13
79 56
35 57
15 11
55 40
40 96
20 10
30 1
72 37
76 13
92 16
72 71
29 5
8 74
67 3
47 43
72 38
49 37
35 38
97 83
17 77
57 24
7 19
86 22
28 51
30 84
63 45
67 4
49 61
94 53
13 7
44 84
85 85
30 47
60 23
75 93
85 36
20 13
84 62
49 66
4 31
48 59
49 76
79 83
24 54
93 89
68 16
89 54
21 87
13 70
11 83
92 73
X
93 7
84 67
49 80
1 82
71 89
92 30
56 62
74 80
58 24
77 32
55 15
59 22
89 83
61 35
95 61
61 52
8 4
81 12
3 85
76 94
26 49
37 32
49 40
82 67
94 28
75 55
37 57
26 25
45 67
63 6
57 22
32 79
91 0
16 3
25 29
88 36
37 49
71 54
6 41
20 76
38 27
46 34
98 48
20 82
47 77
9 68
95 40
26 15
67 88
65 53
47 81
87 51
55 23
70 41
71 24
42 49
37 34
11 40
24 71
33 20
29 9
28 53
32 37
26 4
52 83
26 58
78 50
13 83
26 40
28 31
3 54
13 63
7 81
48 53
88 51
32 18
22 16
54 2
32 88
37 28
45 35
55 55
86 38
7 78
66 91
20 32
89 93
16 1
60 92
74 34
96 2
61 10
30 25
66 18
52 89
57 62
41 82
88 4
58 22
94 90
85 78
78 96
38 57
79 22
68 72
72 40
35 36
22 40
95 90
78 85
77 80
59 68
86 85
81 30
56 92
12 98
32 33
6 34
91 33
76 61
6 10
38 46
34 33
43 73
58 59
58 93
29 66
14 21
21 52
98 43
15 2
77 20
75 64
87 57
4 52
1 45
28 45
7 60
59 64
5 21
81 80
83 1
6 15
23 74
20 54
47 21
36 48
70 5
39 58
84 9
79 11
50 60
68 32
30 79
9 10
52 44
94 22
83 17
37 22
89 0
77 72
41 94
87 83
55 63
94 33
35 91
71 61
82 94
18 45
0 20
24 47
35 21
79 95
46 44
42 38
63 83
15 59
24 37
12 30
79 9
42 82
80 23
80 33
52 59
42 39
26 81
21 1
82 82
79 31
13 73
5 12
77 14
15 57
14 77
50 75
56 51
14 64
60 70
21 79
85 32
79 68
46 59
71 2
89 13
79 1
54 0
7 75
80 77
16 15
10 2
11 14
56 93
17 24
47 96
53 90
24 55
70 24
32 21
79 30
11 75
92 21
60 80
83 79
17 4
37 58
37 63
11 12
64 75
14 73
39 39
66 90
51 75
X
38 97
12 77
59 55
84 36
47 18
0 59
23 64
66 54
53 29
87 86
35 37
52 38
55 51
59 4
10 42
9 19
24 90
93 93
19 75
35 20
57 59
82 70
54 61
27 77
69 24
66 88
1 69
7 64
53 60
4 10
30 2
81 7
22 91
82 81
4 19
83 57
91 73
55 92
17 95
65 40
25 49
42 18
70 57
81 23
3 87
55 77
57 57
67 51
72 43
22 15
62 59
64 90
79 32
39 33
34 43
18 92
36 24
35 15
75 63
84 51
25 86
14 84
96 31
55 87
33 19
2 54
96 43
60 63
12 68
16 74
46 39
13 25
96 21
9 54
44 47
6 63
77 9
83 78
5 11
32 16
58 38
26 74
83 63
68 38
77 50
19 21
62 40
0 21
71 56
50 85
25 35
45 90
67 21
60 40
20 79
34 31
30 33
28 33
65 37
X
45 18
81 77
79 73
39 93
65 73
61 25
30 74
11 11
16 25
10 20
5 29
16 78
89 52
4 47
50 88
18 79
88 45
79 7
35 46
51 5
97 53
97 34
47 48
61 67
13 84
24 25
65 81
16 70
7 1
92 51
5 50
34 72
82 54
84 81
15 41
47 55
65 86
5 65
5 9
88 23
45 34
42 67
45 28
42 12
14 95
5 56
65 91
58 94
9 66
16 66
1 91
36 14
76 2
12 66
76 88
26 9
0 81
98 24
55 61
25 55
14 39
72 70
84 76
45 63
45 56
13 21
75 94
11 97
8 51
49 94
60 26
39 74
92 27
49 44
48 72
77 90
73 80
68 95
35 0
80 2
70 29
5 37
37 43
4 66
45 53
86 76
24 9
10 15
7 83
93 74
80 21
24 52
66 44
13 93
37 14
26 6
10 98
31 74
80 85
42 86
75 61
15 18
46 9
79 12
88 25
25 60
86 10
40 87
23 93
17 58
16 96
72 93
81 92
19 33
25 33
41 89
92 13
25 69
62 77
X
37 94
60 77
9 43
46 77
67 17
33 59
43 7
76 65
41 81
57 29
95 85
70 38
7 9
79 67
87 29
60 33
46 38
15 3
4 45
58 40
74 17
69 40
75 6
90 16
95 71
76 83
79 96
12 92
79 50
23 91
4 56
74 1
94 11
45 47
11 25
82 8
73 76
61 62
7 91
82 89
62 73
34 85
22 41
2 28
69 7
93 56
43 55
8 32
13 18
65 51
57 43
70 9
14 17
35 94
3 45
64 56
10 88
62 27
40 56
59 10
18 80
81 70
75 16
91 94
77 42
53 56
9 37
92 20
32 26
3 38
90 18
81 0
73 78
45 46
47 72
74 73
59 53
93 79
73 93
X
16 88
76 64
22 31
94 91
77 43
21 96
30 28
68 63
91 96
24 57
47 94
72 12
15 62
7 98
15 9
63 66
51 43
36 15
12 8
5 34
91 31
11 19
84 3
42 85
73 4
90 1
18 18
65 84
64 18
55 4
86 2
39 10
18 29
35 18
46 19
53 69
76 41
55 28
33 27
4 95
51 56
12 28
42 57
21 69
97 44
55 29
20 53
75 73
48 80
53 62
7 39
39 72
55 62
87 79
60 6
60 24
36 38
61 27
23 98
69 52
85 83
72 29
8 13
9 9
9 18
73 14
22 35
15 17
1 70
61 60
90 36
47 54
36 41
85 81
76 86
34 21
6 4
35 79
86 36
14 34
17 80
81 91
53 53
98 13
23 23
52 58
2 61
52 5
67 24
52 17
16 27
75 76
26 66
90 68
31 3
55 31
47 66
38 76
31 1
86 23
59 73
21 39
63 70
77 12
87 67
53 63
79 58
37 85
53 27
49 24
21 76
24 41
20 35
88 91
74 19
46 54
67 95
34 59
85 56
39 92
90 22
89 15
69 5
88 3
27 59
58 25
40 51
6 88
70 70
72 88
38 59
56 88
56 36
41 42
46 94
4 40
48 78
28 47
3 33
4 41
17 13
87 4
78 17
91 15
80 31
97 10
11 88
2 80
14 80
54 85
84 37
51 57
28 30
58 77
86 46
93 31
53 93
46 89
81 88
96 83
6 22
58 52
33 39
33 25
83 88
4 26
X
11 35
77 59
19 9
81 84
39 80
44 94
59 94
61 61
33 47
19 51
64 11
27 75
27 73
50 13
91 55
72 48
65 98
66 63
75 24
38 84
7 76
98 86
47 37
45 7
43 35
56 34
14 72
7 5
73 82
84 16
66 57
96 10
66 76
30 46
68 61
94 6
47 47
31 55
95 9
63 98
3 50
37 53
1 63
38 29
87 56
89 43
14 97
58 56
10 28
79 59
56 98
63 54
58 14
5 49
85 50
56 86
41 9
55 70
69 51
52 57
88 54
72 59
45 29
82 34
38 92
96 94
47 64
30 67
29 79
1 52
50 50
88 90
32 63
12 72
48 2
71 71
15 35
32 80
34 52
10 23
66 41
15 15
67 92
68 25
37 93
16 16
37 91
31 18
5 19
87 74
51 3
73 2
76 25
54 91
62 90
34 36
29 3
71 0
38 79
12 10
77 81
57 4
30 22
82 83
25 48
46 17
94 12
28 12
67 60
29 49
38 8
74 27
26 59
98 35
43 65
11 26
87 2
80 89
51 10
95 3
44 59
54 89
33 37
98 38
X
87 84
51 48
15 56
59 37
27 49
75 29
62 56
8 44
27 30
15 87
50 18
97 65
39 56
97 90
1 35
33 81
4 93
6 68
48 76
5 32
6 16
77 30
58 75
12 17
62 26
25 39
78 78
27 57
58 31
12 86
48 48
70 7
54 44
9 83
6 39
74 63
97 17
70 4
72 60
6 59
67 76
78 52
22 32
68 23
41 66
56 79
36 57
55 67
41 58
94 76
7 58
79 13
22 22
25 19
14 90
66 87
25 70
59 86
3 63
53 83
38 86
35 17
95 55
11 1
68 54
72 34
18 44
67 75
67 94
63 12
13 8
50 49
75 92
18 93
54 13
86 13
49 85
3 49
1 94
60 39
38 7
5 66
98 57
62 89
32 89
40 17
57 80
41 21
80 0
9 11
35 89
60 88
82 97
38 43
2 55
40 75
12 2
60 60
27 67
24 44
19 17
48 21
2 91
88 78
42 94
69 66
6 6
7 55
95 38
18 89
51 92
31 40
74 58
7 16
84 73
40 38
29 90
76 18
8 11
88 50
55 2
5 42
X
26 18
32 66
54 6
50 91
22 9
47 58
48 15
61 80
76 4
85 34
87 30
22 87
21 20
31 41
15 33
81 18
67 58
27 74
71 70
43 94
70 20
8 30
35 39
39 51
57 23
95 47
17 20
67 70
X
51 50
X
85 51
57 73
X
31 39
55 19
40 23
54 38
60 29
53 61
X
X
X
92 22
1 19
47 70
X
X
X
X
52 73
X
39 97
87 44
X
85 16
X
13 61
77 69
X
X
X
42 10
11 61
56 29
X
X
X
X
X
80 22
13 86
X
X
X
X
88 28
X
64 96
69 22
36 73
X
59 96
56 69
77 47
X
14 69
52 60
X
67 22
19 73
X
21 94
X
6 94
X
11 22
X
36 49
X
41 38
75 21
44 60
X
34 95
X
X
27 60
77 21
X
57 34
X
72 47
X
X
4 94
90 46
76 28
75 72
72 72
X
X
X
X
23 90
27 82
74 21
73 16
30 15
X
96 89
48 50
X
X
X
69 72
X
33 38
X
54 21
53 28
93 27
X
98 68
X
29 50
13 89
38 68
X
18 27
94 59
94 37
X
X
X
X
X
87 46
X
90 26
76 93
X
86 37
X
X
X
X
11 86
81 85
X
52 21
96 49
5 51
50 72
X
73 59
62 93
60 86
X
23 72
X
X
29 68
X
X
X
31 93
X
X
43 37
X
60 85
27 21
X
20 72
X
92 92
0 15
27 91
X
X
21 21
82 73
X
97 67
96 11
62 88
53 59
X
10 93
X
51 86
58 85
X
X
35 10
16 81
X
67 26
4 76
X
50 67
11 72
58 26
X
X
24 6
X
35 49
61 36
37 36
79 5
76 71
80 93
45 37
X
X
X
24 36
X
47 59
X
X
X
X
X
55 85
X
X
91 4
77 45
67 45
X
X
X
X
30 26
94 44
94 70
31 25
84 79
88 2
10 21
6 85
24 84
10 84
84 1
43 59
59 71
X
45 43
12 25
X
9 25
2 0
X
28 49
X
X
6 90
X
X
87 35
X
96 57
30 43
68 42
X
X
85 35
X
6 84
8 49
6 21
X
73 35
X
4 50
8 93
30 98
79 75
5 74
95 78
X
X
91 20
X
13 23
X
X
X
X
31 86
X
97 92
X
X
38 1
36 72
46 21
X
X
61 29
4 49
81 66
56 42
24 59
X
6 42
18 59
6 98
X
63 75
X
X
39 21
81 48
26 73
X
23 35
X
65 48
X
85 20
76 66
X
82 20
X
13 59
44 48
X
X
X
X
79 14
X
5 20
19 71
X
11 59
33 66
X
94 92
X
X
15 71
78 15
91 92
88 41
X
88 83
41 48
66 83
X
80 65
54 83
95 77
X
X
X
35 19
X
80 92
X
80 47
X
18 5
86 18
X
X
90 17
X
32 3
X
18 19
X
77 17
28 58
X
X
65 17
27 83
X
52 18
32 41
21 17
91 16
51 51
91 34
X
46 18
X
X
X
61 85
77 24
45 82
4 71
21 28
X
X
53 18
X
X
X
33 18
X
X
83 40
X
49 14
2 59
95 70
29 97
17 40
59 92
X
54 58
61 47
8 47
14 18
61 65
X
X
31 92
53 17
X
X
70 46
X
37 92
55 46
10 68
98 71
X
X
X
X
X
90 70
X
28 91
X
X
X
X
35 92
X
X
39 17
10 17
X
67 81
0 95
X
44 58
32 2
31 71
X
38 58
13 40
X
X
12 46
94 27
51 34
69 68
66 66
17 16
53 65
X
X
X
X
X
86 42
X
29 81
X
34 65
X
15 34
96 45
X
74 64
X
25 53
X
18 65
24 94
46 64
16 92
X
27 64
20 70
83 38
X
93 91
X
X
74 22
X
X
40 12
X
X
X
X
0 68
27 58
X
X
77 91
89 62
X
X
X
X
X
X
20 58
X
56 33
13 16
97 57
X
95 65
X
X
70 32
95 14
X
87 80
63 38
59 38
74 92
85 80
48 60
49 57
82 25
41 92
X
80 45
78 14
X
X
93 69
X
X
75 91
22 69
X
X
X
X
X
53 45
46 33
20 62
41 57
X
X
X
38 33
X
X
68 80
27 14
57 33
X
52 91
11 69
X
39 57
17 91
4 69
5 33
X
X
X
19 57
66 37
60 56
28 78
67 63
57 90
3 12
96 32
1 68
48 45
X
X
71 32
15 91
20 14
X
X
X
X
27 90
52 52
83 67
X
X
X
48 56
X
17 14
9 60
72 89
77 67
55 32
97 59
67 57
X
36 88
X
38 37
13 14
58 80
X
89 53
X
11 91
53 80
8 91
39 11
X
11 56
X
X
30 37
X
X
31 32
41 67
X
28 80
X
X
19 80
X
14 88
77 13
X
7 80
31 57
56 9
22 13
49 12
X
X
40 9
94 55
36 45
29 37
78 79
37 87
X
69 55
42 63
26 12
X
X
69 90
55 79
8 12
79 10
11 8
41 10
X
15 10
50 79
23 37
20 55
9 67
X
30 86
71 7
X
65 49
65 90
X
X
91 44
10 37
70 44
X
54 90
X
X
13 87
59 66
58 7
44 90
20 73
7 10
X
84 78
X
X
X
76 78
X
X
91 63
5 10
17 6
3 32
42 7
X
37 66
X
62 9
39 44
74 8
X
23 7
78 31
2 86
X
70 8
X
X
X
14 7
8 57
X
X
X
22 44
X
X
X
70 31
39 90
38 31
42 78
X
X
81 86
12 7
X
17 17
65 8
X
5 90
X
43 53
90 65
X
47 6
87 85
26 78
94 77
84 65
X
87 7
80 30
X
28 74
65 65
18 71
X
14 19
X
X
X
83 61
X
X
X
58 54
44 54
X
X
X
X
X
63 7
96 36
36 52
17 7
X
42 5
50 7
X
48 85
X
79 84
61 77
94 83
X
X
47 7
X
X
57 51
X
95 64
X
48 77
33 64
X
87 49
23 47
7 7
X
31 26
X
X
61 53
X
X
X
11 54
40 77
77 89
94 46
52 6
83 95
X
X
8 41
61 89
X
88 53
58 4
5 61
42 36
X
8 50
40 60
88 5
X
X
X
75 46
64 59
34 41
82 48
78 35
X
97 43
X
X
X
75 30
X
X
X
86 53
36 50
X
25 30
X
28 50
X
86 83
27 39
X
X
X
55 88
X
39 53
87 43
X
4 3
X
58 57
69 83
X
24 53
4 51
28 57
X
0 69
37 77
X
X
X
15 77
34 88
15 53
73 43
28 42
22 42
71 34
X
87 38
X
78 82
X
X
28 83
55 5
X
24 75
X
X
X
X
79 15
17 5
31 94
X
X
20 42
30 39
33 17
15 64
77 56
86 41
86 3
X
23 2
63 35
13 77
1 64
22 30
43 1
66 34
90 63
X
55 82
67 41
79 87
54 63
X
27 34
X
X
12 1
26 41
X
51 4
X
76 87
X
35 63
52 56
65 62
90 76
3 30
10 32
90 0
X
X
18 28
X
X
98 31
X
X
21 29
X
X
X
X
74 87
X
X
X
98 51
X
63 25
X
20 41
38 0
X
X
66 40
67 55
75 33
X
X
47 28
13 33
X
X
26 28
X
X
56 87
5 55
X
50 62
39 45
X
43 62
X
X
87 52
15 27
3 27
27 98
X
17 84
X
10 67
82 31
59 40
X
X
29 4
X
11 33
56 31
45 40
29 42
X
X
52 51
X
X
85 52
X
X
96 26
43 28
X
X
63 76
39 82
X
27 41
70 80
80 54
33 87
X
X
26 76
48 31
13 79
41 75
X
5 97
98 78
X
X
93 78
X
X
29 75
20 27
X
5 87
X
X
17 54
X
X
8 40
1 97
81 96
76 53
X
X
60 71
86 54
83 26
24 95
44 96
65 69
76 23
7 4
X
87 3
83 86
74 53
61 26
X
X
69 53
17 96
31 2
X
33 26
18 62
67 77
X
47 60
X
X
23 75
X
X
X
15 96
71 52
X
32 31
44 37
24 26
X
X
18 75
X
6 26
X
62 51
8 96
36 30
X
60 53
X
X
67 74
X
85 25
X
X
X
73 95
X
77 51
6 40
X
51 25
82 74
X
X
36 62
0 50
X
98 50
53 74
X
X
64 72
X
95 39
1 27
X
21 2
X
X
70 95
X
X
X
35 62
33 11
28 72
X
91 98
56 52
73 86
1 72
68 98
81 25
X
25 84
40 25
79 61
47 52
44 50
X
X
X
62 25
X
67 39
76 24
X
42 95
X
0 98
54 86
X
X
92 70
X
64 49
27 78
22 95
90 51
7 2
12 6
X
X
21 72
68 24
2 49
83 94
50 48
75 51
1 48
X
45 24
30 30
80 1
36 86
54 1
X
X
X
X
58 21
39 68
56 94
X
42 24
